11
0
1
0.050 0.050 0.050 0.026 0.026 0.100 0.026 0.026 0.050 0.050 0.050
0.0052 0.0052 0.0052 0 0 0.0052 0 0 0.0052 0.0052 0.0052
19.7 19.7 13.1 11.1 6.4 6 13.2 12.1 19.7 19.7
6
450
1




2.40289 2.40289 2.40289 2.40289 2.40289 2.40289 2.40289 
2.4186932 2.4186932 2.4186932 2.4186932 2.4186932 2.4186932 2.4186932 
2.4397564 2.4397564 2.4397564 2.4397564 2.4397564 2.4397564 2.4397564 

0.5762792 0.5762792 0.5762792 0.5762792 0.5762792 0.5762792 0.5762792 
0.5973424 0.5973424 0.5973424 0.5973424 0.5973424 0.5973424 0.5973424 

0.0721097 0.0721097 0.0721097 0.0721097 0.0721097 0.0721097 0.0721097 
0.0931729 0.0931729 0.0931729 0.0931729 0.0931729 0.0931729 0.0931729 
0.1142361 0.1142361 0.1142361 0.1142361 0.1142361 0.1142361 0.1142361 
