7
0
1
0.446 0.046 0.046 0.046 0.046 0.046 0.446
0.0055 0.0055 0.0055 0.0055 0.0055 0.0055 0.0055
18. 18. 46. 40. 18. 18.
4
6000
1




2.40289 2.40289 2.40289 2.40289 2.40289 2.40289 2.40289 
2.4186932 2.4186932 2.4186932 2.4186932 2.4186932 2.4186932 2.4186932 
2.4397564 2.4397564 2.4397564 2.4397564 2.4397564 2.4397564 2.4397564 

0.5762792 0.5762792 0.5762792 0.5762792 0.5762792 0.5762792 0.5762792 
0.5973424 0.5973424 0.5973424 0.5973424 0.5973424 0.5973424 0.5973424 

0.0721097 0.0721097 0.0721097 0.0721097 0.0721097 0.0721097 0.0721097 
0.0931729 0.0931729 0.0931729 0.0931729 0.0931729 0.0931729 0.0931729 
0.1142361 0.1142361 0.1142361 0.1142361 0.1142361 0.1142361 0.1142361 
