7
0
1
0.100 0.100 0.100 0.100 0.100 0.100 0.100
93.688  93.688  93.688  93.688  93.688 93.688 93.688
resTmp resTmp resTmp resTmp resTmp resTmp resTmp
20. 20. 20. 20. 20. 20.
4
6000
1




#2.40289 2.40289 2.40289 2.40289 2.40289 2.40289 2.40289
#2.4186932 2.4186932 2.4186932 2.4186932 2.4186932 2.4186932 2.4186932
#2.4397564 2.4397564 2.4397564 2.4397564 2.4397564 2.4397564 2.4397564
#
#0.5762792 0.5762792 0.5762792 0.5762792 0.5762792 0.5762792 0.5762792
#0.5973424 0.5973424 0.5973424 0.5973424 0.5973424 0.5973424 0.5973424
#
#0.0721097 0.0721097 0.0721097 0.0721097 0.0721097 0.0721097 0.0721097
#0.0931729 0.0931729 0.0931729 0.0931729 0.0931729 0.0931729 0.0931729
#0.1142361 0.1142361 0.1142361 0.1142361 0.1142361 0.1142361 0.1142361
